/
证券代码：600066证券简称：宇通客车编号：临2026-021
宇通客车股份有限公司
2026年第一季度报告
重要内容提示：
公司董事会及董事、高级管理人员保证季度报告内容的真实、准确、完整，不存在虚假记载、误导性陈述或重大遗漏，并承担个别和连带的法律责任。公司负责人、主管会计工作负责人及会计机构负责人（会计主管人员）保证季度报告中财务信息的真实、准确、完整。第一季度财务报表是否经审计
□是√否
一、主要财务数据
(一)主要会计数据和财务指标
单位：元币种：人民币
本公司董事会及全体董事保证本公告内容不存在任何虚假记载、误导性陈述或者重大遗漏，并对其内容的真实性、准确性和完整性承担法律责任。
项目
项目
本报告期
上年同期
本报告期比上年同期增减变动幅度(%)
营业收入
5,909,377,255.56
6,417,699,590.81
-7.92
利润总额
716,048,835.13
867,549,183.70
-17.46
归属于上市公司股东的净利润
659,203,966.60
755,002,588.85
-12.69
归属于上市公司股东的扣除非经常性损益的净利润
607,463,526.86
642,251,696.09
-5.42
经营活动产生的现金流量净额
3,493,731,164.26
1,417,251,270.92
146.51
基本每股收益（元/股）
0.30
0.34
-12.69
稀释每股收益（元/股）
0.30
0.34
-12.69
加权平均净资产收益率（%）
4.14
5.47
减少1.33个百分点
本报告期末
上年度末
本报告期末比上年度末增减变动幅度(%)
总资产
33,849,053,129.30
32,990,246,148.33
2.60
归属于上市公司股东的所有者权益
16,225,000,513.15
15,601,987,989.32
3.99
/
(二)非经常性损益项目和金额
√适用□不适用
单位:元币种:人民币
非经常性损益项目
本期金额
非流动性资产处置损益，包括已计提资产减值准备的冲销部分
91,032.09
计入当期损益的政府补助，但与公司正常经营业务密切相关、符合国家政策规定、按照确定的标准享有、对公司损益产生持续影响的政府补助除外
35,235,414.91
除同公司正常经营业务相关的有效套期保值业务外，非金融企业持有金融资产和金融负债产生的公允价值变动损益以及处置金融资产和金融负债产生的损益
-143,475.67
计入当期损益的对非金融企业收取的资金占用费
623,727.22
单独进行减值测试的应收款项减值准备转回
1,000,481.19
除上述各项之外的其他营业外收入和支出
26,159,265.82
减：所得税影响额
9,856,518.10
少数股东权益影响额（税后）
1,369,487.72
合计
51,740,439.74
对公司将《公开发行证券的公司信息披露解释性公告第1号——非经常性损益》未列举的项目认定为非经常性损益项目且金额重大的，以及将《公开发行证券的公司信息披露解释性公告第1号——非经常性损益》中列举的非经常性损益项目界定为经常性损益的项目，应说明原因。
□适用√不适用
(三)主要会计数据、财务指标发生变动的情况、原因
√适用□不适用
项目名称
变动比例（%）
主要原因
经营活动产生的现金流量净额
146.51
主要是本期购买商品、接受劳务支付的现金减少所致。
二、股东信息
(一)普通股股东总数和表决权恢复的优先股股东数量及前十名股东持股情况表
单位：股
报告期末普通股股东总数
41,091
报告期末表决权恢复的优先股股东总数（如有）
前10名股东持股情况（不含通过转融通出借股份）
股东名称
股东性质
持股数量
持股比例(%)
持有有限售条件股份数量
质押、标记或冻结情况
股份状态
数量
郑州宇通集团有限公司
境内非国有法人
834,755,347
37.70
未知
香港中央结算有限公司
境外法人
219,115,055
9.90
未知
猛狮客车有限公司
境内非国有法人
87,428,292
3.95
未知
中国人寿保险股份有限公司－传统－普通保险产品－005L－CT001沪
未知
63,144,923
2.85
未知
中国太平洋人寿保险股份有限公司－中国太平洋人寿股票红利型产品（寿自营）委托投资（长江养老）
未知
45,820,726
2.07
未知
全国社保基金一零一组合
未知
44,433,378
2.01
未知
/
中国公路车辆机械有限公司
国有法人
40,885,192
1.85
未知
香港上海汇丰银行有限公司
未知
17,596,516
0.79
未知
兴业银行股份有限公司－南方兴润价值一年持有期混合型证券投资基金
未知
14,021,495
0.63
未知
阳光人寿保险股份有限公司－传统保险产品
未知
12,000,000
0.54
未知
前10名无限售条件股东持股情况（不含通过转融通出借股份）
股东名称
持有无限售条件流通股的数量
股份种类及数量
股份种类
数量
郑州宇通集团有限公司
834,755,347
人民币普通股
834,755,347
香港中央结算有限公司
219,115,055
人民币普通股
219,115,055
猛狮客车有限公司
87,428,292
人民币普通股
87,428,292
中国人寿保险股份有限公司－传统－普通保险产品－005L－CT001沪
63,144,923
人民币普通股
63,144,923
中国太平洋人寿保险股份有限公司－中国太平洋人寿股票红利型产品（寿自营）委托投资（长江养老）
45,820,726
人民币普通股
45,820,726
全国社保基金一零一组合
44,433,378
人民币普通股
44,433,378
中国公路车辆机械有限公司
40,885,192
人民币普通股
40,885,192
香港上海汇丰银行有限公司
17,596,516
人民币普通股
17,596,516
兴业银行股份有限公司－南方兴润价值一年持有期混合型证券投资基金
14,021,495
人民币普通股
14,021,495
阳光人寿保险股份有限公司－传统保险产品
12,000,000
人民币普通股
12,000,000
上述股东关联关系或一致行动的说明
猛狮客车为控股股东宇通集团子公司，除此之外，本公司未知其他股东之间是否存在关联关系或一致行动关系。
持股5%以上股东、前10名股东及前10名无限售流通股股东参与转融通业务出借股份情况
□适用√不适用前10名股东及前10名无限售流通股股东因转融通出借/归还原因导致较上期发生变化
□适用√不适用
三、其他提醒事项需提醒投资者关注的关于公司报告期经营情况的其他重要信息
□适用√不适用
四、季度财务报表
(一)审计意见类型
□适用√不适用
(二)财务报表
/
合并资产负债表2026年3月31日编制单位：宇通客车股份有限公司
单位：元币种:人民币审计类型：未经审计
项目
2026年3月31日
2025年12月31日
流动资产：
货币资金
5,859,868,488.83
6,367,991,239.76
交易性金融资产
6,815,635,014.21
3,121,473,950.18
应收票据
77,286,524.03
122,675,290.51
应收账款
2,308,749,294.40
5,379,962,987.07
应收款项融资
189,733,017.52
212,216,562.59
预付款项
629,729,212.23
497,156,895.19
其他应收款
497,780,056.55
611,579,829.35
存货
4,470,299,835.47
3,541,617,141.24
合同资产
35,399,576.92
41,265,097.28
一年内到期的非流动资产
565,181,731.91
661,093,187.05
其他流动资产
681,402,273.80
564,842,704.91
流动资产合计
22,131,065,025.87
21,121,874,885.13
非流动资产：
债权投资
812,518,575.04
808,493,232.56
长期应收款
41,688,452.45
66,369,335.88
长期股权投资
722,947,992.88
722,947,992.88
其他权益工具投资
738,267,203.13
775,030,650.74
其他非流动金融资产
1,522,881,975.47
1,554,896,973.85
投资性房地产
41,569,654.98
43,342,795.31
固定资产
3,490,487,267.08
3,605,361,705.60
在建工程
183,664,283.94
122,036,202.97
使用权资产
104,513,090.12
112,944,887.60
无形资产
1,450,474,555.01
1,462,580,598.45
长期待摊费用
4,702,000.87
5,524,875.77
递延所得税资产
1,796,171,406.25
1,921,398,215.66
其他非流动资产
808,101,646.21
667,443,795.93
非流动资产合计
11,717,988,103.43
11,868,371,263.20
资产总计
33,849,053,129.30
32,990,246,148.33
流动负债：
交易性金融负债
1,421,721.79
1,624,757.93
应付票据
3,109,207.00
38,937,395.19
应付账款
4,718,557,751.23
3,437,629,365.22
预收款项
489,175.32
899,544.07
合同负债
2,128,604,754.25
1,857,829,924.04
应付职工薪酬
1,480,440,696.20
1,738,252,667.03
应交税费
477,936,408.90
1,120,108,284.09
/
项目
2026年3月31日
2025年12月31日
其他应付款
2,624,525,356.17
3,293,725,040.91
一年内到期的非流动负债
41,704,121.91
42,938,222.99
其他流动负债
267,935,540.59
156,536,901.78
流动负债合计
11,744,724,733.36
11,688,482,103.25
非流动负债：
租赁负债
126,553,512.62
131,503,454.22
长期应付款
21,457,605.40
22,037,613.35
预计负债
4,724,945,429.33
4,542,660,923.75
递延收益
513,218,126.11
529,715,539.02
递延所得税负债
242,540,840.90
231,541,464.16
非流动负债合计
5,628,715,514.36
5,457,458,994.50
负债合计
17,373,440,247.72
17,145,941,097.75
所有者权益（或股东权益）：
实收资本（或股本）
2,213,939,223.00
2,213,939,223.00
资本公积
1,505,802,389.72
1,505,802,389.72
其他综合收益
-324,333,987.14
-288,142,544.37
专项储备
2,721,404.93
2,721,404.93
盈余公积
4,166,891,278.06
4,166,891,278.06
未分配利润
8,659,980,204.58
8,000,776,237.98
归属于母公司所有者权益（或股东权益）合计
16,225,000,513.15
15,601,987,989.32
少数股东权益
250,612,368.43
242,317,061.26
所有者权益（或股东权益）合计
16,475,612,881.58
15,844,305,050.58
负债和所有者权益（或股东权益）总计
33,849,053,129.30
32,990,246,148.33
公司负责人：李盼盼主管会计工作负责人：李盼盼会计机构负责人：王学民
/
合并利润表2026年1—3月编制单位：宇通客车股份有限公司
单位：元币种:人民币审计类型：未经审计
项目
2026年第一季度
2025年第一季度
一、营业总收入
5,909,377,255.56
6,417,699,590.81
其中：营业收入
5,909,377,255.56
6,417,699,590.81
二、营业总成本
5,364,210,358.56
5,963,389,561.24
其中：营业成本
4,517,227,237.00
5,205,446,168.20
税金及附加
57,718,053.49
62,622,843.96
销售费用
228,549,386.99
215,945,702.32
管理费用
175,397,469.77
178,228,187.73
研发费用
359,287,133.13
293,541,558.78
财务费用
26,031,078.18
7,605,100.25
其中：利息费用
17,595.99
20,087.27
利息收入
14,080,225.24
20,303,232.10
加：其他收益
85,128,144.78
81,301,244.64
投资收益（损失以“-”号填列）
4,924,813.50
27,570,451.46
其中：以摊余成本计量的金融资产终止确认收益
-7,258,634.43
-31,522,212.13
公允价值变动收益（损失以“-”号填列）
-12,326,923.60
18,368,657.56
信用减值损失（损失以“-”号填列）
173,615,054.40
317,004,011.81
资产减值损失（损失以“-”号填列）
-106,709,448.86
-36,911,233.86
资产处置收益（损失以“-”号填列）
17,656.73
-245,778.20
三、营业利润（亏损以“-”号填列）
689,816,193.95
861,397,382.98
加：营业外收入
28,755,723.91
14,050,854.53
减：营业外支出
2,523,082.73
7,899,053.81
四、利润总额（亏损总额以“-”号填列）
716,048,835.13
867,549,183.70
减：所得税费用
48,549,561.36
94,853,959.19
五、净利润（净亏损以“-”号填列）
667,499,273.77
772,695,224.51
（一）按经营持续性分类
1.持续经营净利润（净亏损以“-”号填列）
667,499,273.77
772,695,224.51
（二）按所有权归属分类
1.归属于母公司股东的净利润（净亏损以“-”号填列）
659,203,966.60
755,002,588.85
2.少数股东损益（净亏损以“-”号填列）
8,295,307.17
17,692,635.66
六、其他综合收益的税后净额
-36,191,442.77
-143,376.72
（一）归属母公司所有者的其他综合收益的税后净额
-36,191,442.77
-143,376.72
1．不能重分类进损益的其他综合收益
-31,541,746.97
（1）其他权益工具投资公允价值变动
-31,541,746.97
2．将重分类进损益的其他综合收益
-4,649,695.80
-143,376.72
（1）外币财务报表折算差额
-4,649,695.80
-143,376.72
七、综合收益总额
631,307,831.00
772,551,847.79
（一）归属于母公司所有者的综合收益总额
623,012,523.83
754,859,212.13
（二）归属于少数股东的综合收益总额
8,295,307.17
17,692,635.66
八、每股收益：
（一）基本每股收益(元/股)
0.30
0.34
（二）稀释每股收益(元/股)
0.30
0.34
公司负责人：李盼盼主管会计工作负责人：李盼盼会计机构负责人：王学民
/
合并现金流量表2026年1—3月编制单位：宇通客车股份有限公司
单位：元币种：人民币审计类型：未经审计
项目
2026年第一季度
2025年第一季度
一、经营活动产生的现金流量：
销售商品、提供劳务收到的现金
9,693,668,150.49
9,299,637,785.01
收到的税费返还
464,762,950.84
297,675,011.01
收到其他与经营活动有关的现金
63,506,724.52
149,667,924.94
经营活动现金流入小计
10,221,937,825.85
9,746,980,720.96
购买商品、接受劳务支付的现金
4,464,263,429.32
6,263,230,642.53
支付给职工及为职工支付的现金
1,302,367,173.28
905,481,956.93
支付的各项税费
634,373,418.81
724,358,595.59
支付其他与经营活动有关的现金
327,202,640.18
436,658,254.99
经营活动现金流出小计
6,728,206,661.59
8,329,729,450.04
经营活动产生的现金流量净额
3,493,731,164.26
1,417,251,270.92
二、投资活动产生的现金流量：
收回投资收到的现金
4,623,249,145.41
3,061,301,404.67
处置固定资产、无形资产和其他长期资产收回的现金净额
641,016.00
1,370,997.00
投资活动现金流入小计
4,623,890,161.41
3,062,672,401.67
购建固定资产、无形资产和其他长期资产支付的现金
173,845,952.16
173,598,021.62
投资支付的现金
8,427,344,490.00
6,319,754,540.00
投资活动现金流出小计
8,601,190,442.16
6,493,352,561.62
投资活动产生的现金流量净额
-3,977,300,280.75
-3,430,680,159.95
三、筹资活动产生的现金流量：
吸收投资收到的现金
1,544,400.00
其中：子公司吸收少数股东投资收到的现金
1,544,400.00
筹资活动现金流入小计
1,544,400.00
分配股利、利润或偿付利息支付的现金
10,948.17
20,017.77
其中：子公司支付给少数股东的股利、利润
10,948.17
20,017.77
支付其他与筹资活动有关的现金
3,524,066.42
445,500.00
筹资活动现金流出小计
3,535,014.59
465,517.77
筹资活动产生的现金流量净额
-3,535,014.59
1,078,882.23
四、汇率变动对现金及现金等价物的影响
-20,714,410.71
97,095,794.76
五、现金及现金等价物净增加额
-507,818,541.79
-1,915,254,212.04
加：期初现金及现金等价物余额
6,364,911,274.30
8,414,559,401.82
六、期末现金及现金等价物余额
5,857,092,732.51
6,499,305,189.78
公司负责人：李盼盼主管会计工作负责人：李盼盼会计机构负责人：王学民
/
(三)2026年起首次执行新会计准则或准则解释等涉及调整首次执行当年年初的财务报表
□适用√不适用
特此公告
宇通客车股份有限公司董事会
2026年4月27日