证券代码：600104证券简称：上汽集团
上海汽车集团股份有限公司
2026年第一季度报告
重要内容提示
(一)公司董事会及董事、高级管理人员保证季度报告内容的真实、准确、完整，不存在虚假记载、
误导性陈述或重大遗漏，并承担个别和连带的法律责任。
(二)公司负责人、主管会计工作负责人及会计机构负责人（会计主管人员）保证季度报告中财务
信息的真实、准确、完整。
(三)第一季度财务报表是否经审计
□是√否
一、主要财务数据
(一)主要会计数据和财务指标
单位：元币种：人民币
本公司董事会及全体董事保证本公告内容不存在任何虚假记载、误导性陈述或者重大遗漏，并对其内容的真实性、准确性和完整性承担法律责任。
项目
项目
本报告期
上年同期
本报告期比上年同期增减变动幅度(%)
营业总收入
140,417,876,491.41
140,860,138,690.50
-0.31
营业收入
138,520,422,587.45
137,680,076,791.83
0.61
利润总额
5,408,450,567.21
4,952,421,158.06
9.21
归属于上市公司股东的净利润
3,026,017,255.01
3,023,194,058.76
0.09
归属于上市公司股东的扣除非经常性损益的净利润
2,775,566,634.42
2,849,642,548.01
-2.60
经营活动产生的现金流量净额
31,985,407,376.89
3,999,810,506.51
699.67
基本每股收益（元/股）
0.265
0.264
0.38
稀释每股收益（元/股）
不适用
不适用
加权平均净资产收益率（%）
1.01
1.04
减少0.03个百分点
本报告期末
上年度末
本报告期末比上年度末增减变动幅度(%)
总资产
937,948,831,595.20
960,207,461,450.69
-2.32
归属于上市公司股东的所有者权益
300,507,124,425.67
298,812,278,173.08
0.57
(二)非经常性损益项目和金额
√适用□不适用
单位:元币种:人民币
非经常性损益项目
本期金额
说明
非流动性资产处置损益，包括已计提资产减值准备的冲销部分
259,810,937.98
计入当期损益的政府补助，但与公司正常经营业务密切相关、符合国家政策规定、按照确定的标准享有、对公司损益产生持续影响的政府补助除外
226,830,121.91
除同公司正常经营业务相关的有效套期保值业务外，非金融企业持有金融资产和金融负债产生的公允价值变动损益以及处置金融资产和金融负债产生的损益
101,575,106.67
对外委托贷款取得的损益
2,234,451.39
除上述各项之外的其他营业外收入和支出
374,792.05
减：所得税影响额
143,407,864.91
少数股东权益影响额（税后）
196,966,924.50
合计
250,450,620.59
对公司将《公开发行证券的公司信息披露解释性公告第1号——非经常性损益》未列举的项目认定为非经常性损益项目且金额重大的，以及将《公开发行证券的公司信息披露解释性公告第1号——非经常性损益》中列举的非经常性损益项目界定为经常性损益的项目，应说明原因。
□适用√不适用
(三)主要会计数据、财务指标发生变动的情况、原因
√适用□不适用
项目名称
变动比例（%）
主要原因
经营活动产生的现金流量净额
699.67
经营活动产生的现金流量净额比上年同期增加，一方面，公司整车销售持续向好，制造业务经营活动净现金流显著改善；另一方面，公司之子公司上海汽车集团财务
二、股东信息
(一)普通股股东总数和表决权恢复的优先股股东数量及前十名股东持股情况表
单位：股
有限责任公司买入返售金融资产规模变动，使金融业务经营活动产生的现金流量净额增加。报告期末普通股股东总数
报告期末普通股股东总数
247,983
报告期末表决权恢复的优先股股东总数（如有）
不适用
前10名股东持股情况（不含通过转融通出借股份）
股东名称
股东性质
持股数量
持股比例(%)
持有有限售条件股份数量
质押、标记或冻结情况
股份状态
数量
上海汽车工业（集团）有限公司
国有法人
7,324,009,279
63.71
0
无
中国远洋海运集团有限公司
国有法人
679,420,000
5.91
0
无
跃进汽车集团有限公司
国有法人
413,919,141
3.60
0
无
香港中央结算有限公司
未知
182,631,315
1.59
0
无
中泰证券股份有限公司－华夏国证自由现金流交易型开放式指数证券投资基金
未知
125,190,990
1.09
0
无
中央汇金资产管理有限责任公司
未知
98,585,000
0.86
0
无
中原股权投资管理有限公司
未知
89,300,656
0.78
0
无
河北港口集团有限公司
未知
87,719,298
0.76
0
无
广东恒健投资控股有限公司
未知
40,704,757
0.35
0
无
广发证券股份有限公司－国泰富时中国A股自由现金流聚焦交易型开放式指数证券投资基金
未知
39,547,163
0.34
0
无
前10名无限售条件股东持股情况（不含通过转融通出借股份）
股东名称
持有无限售条件流通股的数量
股份种类及数量
股份种类
数量
上海汽车工业（集团）有限公司
7,324,009,279
人民币普通股
7,324,009,279
中国远洋海运集团有限公司
679,420,000
人民币普通股
679,420,000
跃进汽车集团有限公司
413,919,141
人民币普通股
413,919,141
香港中央结算有限公司
182,631,315
人民币普通股
182,631,315
中泰证券股份有限公司－华夏国证自由现金流交易型开放式指数证券投资基金
125,190,990
人民币普通股
125,190,990
中央汇金资产管理有限责任公司
98,585,000
人民币普通股
98,585,000
中原股权投资管理有限公司
89,300,656
人民币普通股
89,300,656
河北港口集团有限公司
87,719,298
人民币普通股
87,719,298
广东恒健投资控股有限公司
40,704,757
人民币普通股
40,704,757
广发证券股份有限公司－国泰富时中国A股自由现金流聚焦交易型开放式指数证券投资基金
39,547,163
人民币普通股
39,547,163
上述股东关联关系或一致行动的说明
公司前10名股东中，上海汽车工业（集团）有限公司与其他9名股东之间不存在关联关系或属于《上市公司收购管理办法》规定的一致行动人，其他9名股东之间未知是否存在关联关系或一致行动人的情况。
前十名股东中回购专户情况说明
公司回购专户未在“前十名股东持股情况”中列示，截至2026年3月31日，上海汽车集团股份有限公司回购专用证券账户中股份数量为70,388,293股，占公司总股本的0.61%。
前10名股东及前10名无限售股东参与融资融券及转融通业务情况说明（如有）
无
持股5%以上股东、前10名股东及前10名无限售流通股股东参与转融通业务出借股份情况
□适用√不适用前10名股东及前10名无限售流通股股东因转融通出借/归还原因导致较上期发生变化
□适用√不适用
三、其他提醒事项需提醒投资者关注的关于公司报告期经营情况的其他重要信息
□适用√不适用
四、季度财务报表
(四)审计意见类型
□适用√不适用
(五)财务报表
合并资产负债表2026年3月31日编制单位：上海汽车集团股份有限公司
单位：元币种:人民币审计类型：未经审计
项目
2026年3月31日
2025年12月31日
流动资产：
货币资金
144,689,639,542.20
151,046,006,612.38
结算备付金
拆出资金
交易性金融资产
76,885,556,578.53
71,403,768,508.62
衍生金融资产
应收票据
2,409,132,778.31
4,174,952,709.08
应收账款
74,533,755,450.01
82,052,819,101.23
应收款项融资
20,161,054,796.28
20,691,102,093.56
预付款项
21,592,613,847.95
21,042,449,994.45
应收保费
应收分保账款
应收分保合同准备金
其他应收款
16,536,849,993.33
16,496,023,216.82
其中：应收利息
348,347,655.74
353,510,355.84
应收股利
2,948,412,000.44
3,016,961,161.51
买入返售金融资产
4,121,499,108.23
42,193,828,490.27
存货
82,510,392,297.55
79,639,903,735.31
其中：数据资源
合同资产
持有待售资产
214,141,861.78
215,497,412.94
一年内到期的非流动资产
34,921,365,533.93
40,096,831,734.59
其他流动资产
119,925,091,048.49
93,900,703,605.47
流动资产合计
598,501,092,836.59
622,953,887,214.72
非流动资产：
发放贷款和垫款
41,820,155,609.74
42,270,563,558.94
债权投资
21,161,158,376.77
18,043,205,525.58
其他债权投资
10,520,870.00
长期应收款
8,203,662,107.77
8,460,221,852.63
长期股权投资
55,932,390,153.39
56,584,519,162.50
其他权益工具投资
18,468,048,153.93
19,958,786,759.94
其他非流动金融资产
28,218,101,979.60
27,029,272,611.75
投资性房地产
1,565,369,892.13
1,901,674,675.43
固定资产
81,035,917,702.28
82,632,062,910.76
在建工程
10,290,411,703.29
9,805,483,218.65
生产性生物资产
油气资产
使用权资产
13,237,365,108.26
12,497,419,410.33
无形资产
20,228,375,806.00
20,390,584,544.11
其中：数据资源
开发支出
3,944,078,851.31
2,939,462,774.96
其中：数据资源
商誉
1,183,122,320.47
1,183,122,320.47
长期待摊费用
2,130,528,378.64
2,063,397,294.69
递延所得税资产
27,229,887,227.17
27,610,041,323.99
其他非流动资产
4,799,165,387.86
3,873,235,421.24
非流动资产合计
339,447,738,758.61
337,253,574,235.97
资产总计
937,948,831,595.20
960,207,461,450.69
流动负债：
短期借款
46,182,846,089.86
40,600,406,435.85
向中央银行借款
拆入资金
15,410,756,528.19
25,960,925,339.11
交易性金融负债
67,770,866.53
39,284,557.99
衍生金融负债
应付票据
86,234,000,457.36
87,013,185,483.48
应付账款
164,879,961,431.62
173,742,192,589.38
预收款项
合同负债
23,554,372,112.61
30,289,840,573.78
卖出回购金融资产款
吸收存款及同业存放
51,698,301,303.78
46,904,541,833.58
代理买卖证券款
代理承销证券款
应付职工薪酬
8,696,343,486.91
12,315,000,129.92
应交税费
5,914,774,019.29
5,515,489,809.04
其他应付款
65,780,465,332.54
66,115,948,656.10
其中：应付利息
19,203,223.07
21,881,122.07
应付股利
1,405,428,019.95
1,553,911,102.29
应付手续费及佣金
应付分保账款
持有待售负债
一年内到期的非流动负债
21,142,672,113.94
29,753,986,699.72
其他流动负债
2,217,692,895.63
2,217,808,351.69
流动负债合计
491,779,956,638.26
520,468,610,459.64
非流动负债：
保险合同准备金
长期借款
15,031,257,699.77
14,597,681,963.88
应付债券
4,900,000,000.00
4,900,000,000.00
其中：优先股
永续债
租赁负债
13,977,554,138.16
12,742,936,176.80
长期应付款
1,713,254,184.60
1,717,646,526.00
长期应付职工薪酬
4,257,008,085.12
4,302,377,761.24
预计负债
21,600,765,753.35
21,472,494,180.87
递延收益
12,706,114,975.02
11,753,117,840.49
递延所得税负债
4,339,239,591.06
4,240,450,631.91
其他非流动负债
2,799,947,881.17
2,706,584,754.05
非流动负债合计
81,325,142,308.25
78,433,289,835.24
负债合计
573,105,098,946.51
598,901,900,294.88
所有者权益（或股东权益）：
实收资本（或股本）
11,495,277,504.00
11,495,277,504.00
其他权益工具
其中：优先股
永续债
资本公积
55,644,089,614.75
55,635,831,215.80
减：库存股
1,000,225,700.94
1,000,225,700.94
其他综合收益
11,426,535,738.88
12,794,098,571.68
专项储备
1,032,564,058.91
1,004,430,627.48
盈余公积
40,843,171,648.51
40,843,171,648.51
一般风险准备
4,052,072,294.91
4,052,085,179.37
未分配利润
177,013,639,266.65
173,987,609,127.18
归属于母公司所有者权益（或股东权益）合计
300,507,124,425.67
298,812,278,173.08
少数股东权益
64,336,608,223.02
62,493,282,982.73
所有者权益（或股东权益）合计
364,843,732,648.69
361,305,561,155.81
负债和所有者权益（或股东权益）总计
937,948,831,595.20
960,207,461,450.69
公司负责人：王晓秋主管会计工作负责人：卫勇会计机构负责人：谢蔚
合并利润表2026年1—3月编制单位：上海汽车集团股份有限公司
单位：元币种:人民币审计类型：未经审计
项目
2026年第一季度
2025年第一季度
一、营业总收入
140,417,876,491.41
140,860,138,690.50
其中：营业收入
138,520,422,587.45
137,680,076,791.83
利息收入
1,807,438,520.68
2,683,562,120.06
已赚保费
手续费及佣金收入
90,015,383.28
496,499,778.61
二、营业总成本
137,248,560,921.97
140,344,648,664.51
其中：营业成本
120,751,124,935.88
126,487,379,225.88
利息支出
243,283,622.46
384,808,667.48
手续费及佣金支出
8,031,420.73
11,826,503.49
退保金
赔付支出净额
提取保险责任准备金净额
保单红利支出
分保费用
税金及附加
1,434,765,795.31
1,156,604,547.89
销售费用
4,376,741,007.88
4,284,619,813.05
管理费用
4,655,595,986.12
4,463,191,896.42
研发费用
4,022,477,130.78
3,881,002,546.77
财务费用
1,756,541,022.81
-324,784,536.47
其中：利息费用
658,652,169.15
954,448,725.91
利息收入
292,522,040.01
503,056,012.81
加：其他收益
913,326,307.07
693,813,766.70
投资收益（损失以“-”号填列）
2,042,236,654.46
2,204,369,344.97
其中：对联营企业和合营企业的投资收益
1,155,252,257.36
1,538,585,260.83
以摊余成本计量的金融资产终止确认收益
汇兑收益（损失以“-”号填列）
10,135,706.40
14,577,918.25
净敞口套期收益（损失以“-”号填列）
公允价值变动收益（损失以“-”号填列）
-503,792,623.78
1,566,880,889.85
信用减值损失（损失以“-”号填列）
-211,618,440.91
-111,817,509.06
资产减值损失（损失以“-”号填列）
-100,056,048.37
-14,478,607.53
资产处置收益（损失以“-”号填列）
84,034,211.78
-9,194,893.99
三、营业利润（亏损以“-”号填列）
5,403,581,336.09
4,859,640,935.18
加：营业外收入
28,386,890.15
98,572,464.86
减：营业外支出
23,517,659.03
5,792,241.98
四、利润总额（亏损总额以“-”号填列）
5,408,450,567.21
4,952,421,158.06
减：所得税费用
1,063,317,127.41
947,010,034.32
五、净利润（净亏损以“-”号填列）
4,345,133,439.80
4,005,411,123.74
（一）按经营持续性分类
1.持续经营净利润（净亏损以“-”号填列）
4,345,133,439.80
4,005,411,123.74
2.终止经营净利润（净亏损以“-”号填列）
（二）按所有权归属分类
1.归属于母公司股东的净利润（净亏损以“-”号填列）
3,026,017,255.01
3,023,194,058.76
2.少数股东损益（净亏损以“-”号填列）
1,319,116,184.79
982,217,064.98
六、其他综合收益的税后净额
-3,862,225,637.78
1,191,849,569.83
（一）归属母公司所有者的其他综合收益的税后净额
-3,767,562,832.80
1,143,223,084.27
1．不能重分类进损益的其他综合收益
-1,125,665,542.40
889,763,498.29
（1）重新计量设定受益计划变动额
（2）权益法下不能转损益的其他综合收益
（3）其他权益工具投资公允价值变动
-1,125,665,542.40
889,763,498.29
（4）企业自身信用风险公允价值变动
2．将重分类进损益的其他综合收益
-2,641,897,290.40
253,459,585.98
（1）权益法下可转损益的其他综合收益
-30,313,665.86
22,901,954.19
（2）其他债权投资公允价值变动
-24,103,049.73
-23,087,690.07
（3）金融资产重分类计入其他综合收益的金额
（4）其他债权投资信用减值准备
47,735,950.26
21,280,779.42
（5）现金流量套期储备
（6）外币财务报表折算差额
-2,635,216,525.07
232,364,542.44
（7）其他
（二）归属于少数股东的其他综合收益的税后净额
-94,662,804.98
48,626,485.56
七、综合收益总额
482,907,802.02
5,197,260,693.57
（一）归属于母公司所有者的综合收益总额
-741,545,577.79
4,166,417,143.03
（二）归属于少数股东的综合收益总额
1,224,453,379.81
1,030,843,550.54
八、每股收益：
（一）基本每股收益(元/股)
0.265
0.264
（二）稀释每股收益(元/股)
不适用
不适用
本期发生同一控制下企业合并的，被合并方在合并前实现的净利润为：0元，上期被合并方实现的净利润为：0元。公司负责人：王晓秋主管会计工作负责人：卫勇会计机构负责人：谢蔚
合并现金流量表2026年1—3月编制单位：上海汽车集团股份有限公司
单位：元币种：人民币审计类型：未经审计
项目
2026年第一季度
2025年第一季度
一、经营活动产生的现金流量：
销售商品、提供劳务收到的现金
124,164,951,522.93
138,793,769,763.87
客户存款和同业存放款项净增加额
-1,878,474,553.74
-11,589,493,846.52
向中央银行借款净增加额
向其他金融机构拆入资金净增加额
收到原保险合同保费取得的现金
收到再保业务现金净额
保户储金及投资款净增加额
收取利息、手续费及佣金的现金
1,893,036,061.22
2,318,351,632.50
拆入资金净增加额
-10,500,000,000.00
-2,600,000,000.00
回购业务资金净增加额
38,086,971,000.00
9,876,461,000.00
代理买卖证券收到的现金净额
收到的税费返还
1,639,312,602.06
3,318,507,096.92
收到其他与经营活动有关的现金
6,314,113,032.68
10,872,531,385.37
经营活动现金流入小计
159,719,909,665.15
150,990,127,032.14
购买商品、接受劳务支付的现金
96,804,965,411.59
115,982,716,272.50
客户贷款及垫款净增加额
-4,020,587,316.37
-9,229,070,459.70
存放中央银行和同业款项净增加额
-564,933,994.70
支付原保险合同赔付款项的现金
拆出资金净增加额
支付利息、手续费及佣金的现金
483,327,704.48
891,384,817.92
支付保单红利的现金
支付给职工及为职工支付的现金
13,476,408,736.67
12,811,616,951.07
支付的各项税费
7,032,833,206.50
7,666,239,842.66
支付其他与经营活动有关的现金
13,957,554,545.39
19,432,363,095.88
经营活动现金流出小计
127,734,502,288.26
146,990,316,525.63
经营活动产生的现金流量净额
31,985,407,376.89
3,999,810,506.51
二、投资活动产生的现金流量：
收回投资收到的现金
118,045,557,773.64
97,757,257,968.22
取得投资收益收到的现金
2,535,373,763.09
1,903,089,862.78
处置固定资产、无形资产和其他长期资产收回的现金净额
73,704,362.77
36,975,923.76
处置子公司及其他营业单位收到的现金净额
29,880,175.81
14,000,000.00
收到其他与投资活动有关的现金
102,482,330.42
834,830,062.37
投资活动现金流入小计
120,786,998,405.73
100,546,153,817.13
购建固定资产、无形资产和其他长期资产支付的现金
2,936,725,901.95
3,070,889,219.74
投资支付的现金
155,264,415,639.60
100,747,447,365.68
质押贷款净增加额
取得子公司及其他营业单位支付的现金净额
支付其他与投资活动有关的现金
139,034,625.75
725,155,400.15
投资活动现金流出小计
158,340,176,167.30
104,543,491,985.57
投资活动产生的现金流量净额
-37,553,177,761.57
-3,997,338,168.44
三、筹资活动产生的现金流量：
吸收投资收到的现金
603,635,063.00
633,692,000.00
其中：子公司吸收少数股东投资收到的现金
603,635,063.00
633,692,000.00
取得借款收到的现金
20,452,467,770.79
27,985,479,644.73
发行债券所收到的现金
400,000,000.00
500,000,000.00
收到其他与筹资活动有关的现金
313,239,785.76
2,652,202,456.03
筹资活动现金流入小计
21,769,342,619.55
31,771,374,100.76
偿还债务支付的现金
20,153,559,969.78
30,264,049,852.65
分配股利、利润或偿付利息支付的现金
916,920,005.10
1,120,875,023.14
其中：子公司支付给少数股东的股利、利润
201,922,925.05
414,516,262.09
支付其他与筹资活动有关的现金
832,362,481.81
3,483,560,228.00
筹资活动现金流出小计
21,902,842,456.69
34,868,485,103.79
筹资活动产生的现金流量净额
-133,499,837.14
-3,097,111,003.03
四、汇率变动对现金及现金等价物的影响
36,977,234.86
783,355,823.11
五、现金及现金等价物净增加额
-5,664,292,986.96
-2,311,282,841.85
加：期初现金及现金等价物余额
140,447,876,412.66
186,586,429,469.13
六、期末现金及现金等价物余额
134,783,583,425.70
184,275,146,627.28
公司负责人：王晓秋主管会计工作负责人：卫勇会计机构负责人：谢蔚
(六)2026年起首次执行新会计准则或准则解释等涉及调整首次执行当年年初的财务报表
□适用√不适用
特此公告
上海汽车集团股份有限公司董事会
2026年4月30日